0
190003559486.3064
2019.0
3135436.5502302386
31.0
16.587793374866557
0.9905355236532242
1.9464396679466547
1.0360733576584185
3157511.347407279
31.23988332138531
2.5345198451267508
0.0026369879383693695
1.5342410095441437
1.0019047619047619
0.5248004333901627
31148213.234588094
3137363.9095952786
31.02278906301806
2.2776463827059525
1.0285581662651135
1.003956588050662
0.0008126065550262105
8.763404024792467e-05
5.576711652140661e-05
0.00020713500422236738
7.966730931629516e-06
0.0005337709724191776
0.00012746769490607225
0.0023023852392409297
0.0004939373177610299
0.00012746769490607225
0.0003027357754019216
7.966730931629515e-05
0.0007249725147782859
6.373384745303613e-05
0.00011153423304281322
0.0
0.0
0.0006692053982568793
6.373384745303613e-05
0.00011950096397444273
0.0005576711652140661
0.0009958413664536894
0.000525804241487548
0.0007966730931629515
1.593346186325903e-05
0.00262902120743774
0.00010356750211118369
0.00016730134956421982
3.9833654658147573e-05
7.966730931629515e-05
0.0
0.0
0.0
0.0
7.966730931629516e-06
0.0
0.0
0.0
7.966730931629516e-06
0.000262902120743774
2.3900192794888545e-05
0.0
0.0
7.966730931629516e-06
9.560077117955418e-05
0.00014340115676933127
7.966730931629516e-06
0.0
0.0
0.00014340115676933127
2.3900192794888545e-05
3140786.651025318
31.05970268160163
0.8906566179633849
0.9301397364605408
0.9301397364605408
0.8906566179633849
504.5020635446415
508.50390849572256
512.5047236594846
516.5024395484373
0.3028871432896225
1.102238697110888
127.15404878969633
129.30573789481812
121.45184956367287
129.19453239632404
104.05900069503437
611.1651693395457
3.911553353197049
